differencebetweennumberofdataandnumberofparams = 1 ;
paramvaluesatminchisquared = [7.41381316464642,7.93897888045191] ;
minchisquared = 0.0902076252180034 ;
squarerootsofdiagonalelementsofdoubletheinversehessianatminchisquared = [0.651124834722739,0.868018452140066] ;
doubletheinversehessianatminchisquared = [0.423963550392714,-0.422038755873862;-0.422038755873862,0.753456033255636] ;
