gradient = 1.64853571914744
intercept = 1.27608720194799e-02
